tf.Tensor(
[-8.25442374e-01 -3.49808484e-01 -7.04053581e-01  7.22214758e-01
  5.34191787e-01 -3.92723791e-02  7.19901443e-01  3.17626804e-01
 -6.35754943e-01 -9.99970198e-01 -3.81272584e-01  8.36969256e-01
  9.62418735e-01  2.15630785e-01  7.75216699e-01 -7.12790251e-01
 -4.27892804e-01 -5.85012794e-01  2.59261727e-01 -1.66965917e-01
  5.28589189e-01  9.99839485e-01 -3.57570909e-02  1.36458546e-01
  4.07575011e-01  8.61362517e-01 -6.46403015e-01  7.10860729e-01
  9.03899968e-01  7.54681766e-01 -6.81741357e-01  3.35228443e-01
 -9.78115201e-01 -3.09122801e-01 -8.67844701e-01 -9.78361726e-01
  2.44965270e-01 -5.66272616e-01 -1.61704123e-01 -4.18654233e-02
 -7.51518786e-01  4.74391162e-01  9.99925196e-01 -2.85821646e-01
  4.28781837e-01 -2.65475452e-01 -9.99995291e-01  1.96939141e-01
 -7.89576471e-01  7.47939885e-01  5.83785415e-01  6.08317912e-01
  2.54410982e-01  4.41059232e-01  4.36139077e-01 -5.62083006e-01
  4.12785821e-02  3.52383628e-02 -2.91666090e-01 -3.50920022e-01
 -5.45279086e-01  4.25336242e-01 -6.19864821e-01 -8.34010243e-01
  7.57899702e-01  2.31200159e-01 -2.87531942e-01 -5.26247203e-01
 -7.99683332e-02 -9.46994126e-02  6.81209326e-01  2.32135713e-01
  1.46899968e-01 -7.74892509e-01  2.19625250e-01  2.96234637e-01
 -6.33678496e-01  1.00000000e+00 -5.26722252e-01 -9.61765170e-01
  8.14598501e-01  4.46157515e-01  5.32218814e-01  1.97628424e-01
 -6.43375665e-02 -9.99999940e-01  4.45685536e-01 -9.88220647e-02
 -9.73827302e-01  1.24697559e-01  4.78057832e-01 -1.62234195e-02
  1.96314886e-01  5.47630131e-01 -3.61849040e-01 -2.73998260e-01
 -2.40519360e-01 -6.94554746e-01 -4.28814232e-01 -3.45488876e-01
  1.23565696e-01 -2.16033563e-01 -3.19204032e-01 -3.09587002e-01
  2.53704309e-01 -4.23999012e-01 -1.32355407e-01 -7.37422258e-02
  1.16325013e-01  5.94378412e-01  4.91502196e-01 -2.33392000e-01
  3.20896417e-01 -8.98866057e-01  5.83096147e-01 -2.98633784e-01
 -9.78678644e-01 -6.03455186e-01 -9.68821526e-01  7.92246938e-01
 -1.14489190e-01 -1.70722932e-01  7.83650517e-01 -2.09020320e-02
  2.69598514e-01 -1.41959131e-01 -6.98553026e-01 -1.00000000e+00
 -2.74286121e-01 -5.92870712e-01  6.46861212e-04 -5.49568161e-02
 -9.59644973e-01 -9.02530432e-01  5.96141934e-01  8.82048368e-01
  2.43357778e-01  9.99510705e-01 -1.89821735e-01  8.88360858e-01
 -8.35007802e-02 -6.83934927e-01  2.84238160e-01 -2.05555916e-01
  4.74608362e-01 -7.48746544e-02 -5.01844645e-01  1.12840213e-01
 -1.20984167e-01  1.24546602e-01 -5.08432508e-01 -3.03782523e-01
 -3.18030387e-01 -7.78624177e-01 -8.05914477e-02  9.31934893e-01
  1.56607535e-02 -6.09926283e-01  3.11810941e-01 -2.59759367e-01
 -2.35295668e-01  8.10296357e-01  5.09768605e-01  4.43325490e-01
 -3.88516307e-01  4.76275653e-01 -7.55239651e-02  3.35834444e-01
 -7.48338103e-01  2.30929866e-01  2.14972794e-01 -4.57725018e-01
 -4.00092959e-01 -9.73762929e-01 -5.57456136e-01  3.93205374e-01
  9.71767247e-01  6.56938672e-01  2.46798024e-01  2.68280268e-01
 -3.59663546e-01  6.16619468e-01 -9.41790640e-01  9.56053853e-01
 -2.29390591e-01  1.28141984e-01 -3.95501971e-01  3.25402170e-01
 -7.66146839e-01 -8.31375420e-02  8.25996637e-01 -2.67976880e-01
 -8.52615476e-01 -6.75637322e-03 -3.22283804e-01 -5.10284662e-01
 -6.98874712e-01  6.42393529e-01 -2.54221082e-01 -1.13447577e-01
  1.08767487e-01  8.47380280e-01  9.49103355e-01  5.59695542e-01
 -3.42990877e-03  6.21960044e-01 -7.95785487e-01 -7.65005499e-02
  2.36134812e-01  2.02316433e-01  5.45723140e-02  9.84740317e-01
 -6.84809089e-01 -2.21556708e-01 -6.76547825e-01 -9.66832101e-01
 -4.85939682e-02 -8.27081084e-01 -4.37142253e-02 -5.98381281e-01
  4.48984414e-01 -2.40643322e-01 -2.15817526e-01  3.44280601e-01
 -7.90803134e-01 -4.47525561e-01  3.54439378e-01 -3.19023281e-01
  4.43553537e-01 -2.67414093e-01  7.76885092e-01  7.34227002e-01
 -3.75185609e-01  6.33333564e-01  9.21888411e-01 -7.12906659e-01
 -7.66545832e-01  4.60739374e-01 -1.05722055e-01  7.76951551e-01
 -5.77684999e-01  9.90843654e-01  7.42724001e-01  4.74689573e-01
 -8.72958779e-01 -5.45005977e-01 -8.61684501e-01 -4.51795310e-01
 -3.58488113e-01 -4.17900622e-01  5.60325146e-01  5.80204606e-01
  2.48900697e-01  5.65469623e-01 -4.13952172e-01  9.77277815e-01
 -6.37764812e-01 -9.16904688e-01 -6.81665242e-01 -4.38682549e-03
 -9.64894116e-01  6.17781937e-01  3.47284496e-01  7.85376906e-01
 -3.94882768e-01 -5.93539655e-01 -9.10240412e-01  8.29190373e-01
  2.29960352e-01  9.24284816e-01 -3.72981101e-01 -8.26699018e-01
 -4.49554861e-01 -8.49843323e-01 -1.03190735e-01 -7.27629522e-03
  2.62203608e-02  6.98067695e-02 -8.12899411e-01  5.05983114e-01
  5.23210824e-01  3.22138339e-01 -3.74413967e-01  9.78716850e-01
  9.99995291e-01  9.40659583e-01  7.52048671e-01  6.36108696e-01
 -9.98112440e-01 -7.46932805e-01  9.99966681e-01 -9.54563975e-01
 -9.99999881e-01 -8.75278354e-01 -7.66297400e-01  4.49147224e-01
 -1.00000000e+00 -5.54485768e-02 -2.16092572e-01 -8.49837482e-01
  4.39945817e-01  9.43759084e-01  9.32863116e-01 -1.00000000e+00
  8.56953442e-01  8.38043094e-01 -6.46328986e-01  8.79795015e-01
 -3.96725446e-01  9.47208822e-01  2.18680739e-01  6.68512940e-01
 -3.42817269e-02  2.61190802e-01 -8.21960092e-01 -8.27359378e-01
 -4.06126417e-02 -5.19294798e-01  9.89117444e-01  2.64874548e-01
 -6.69758260e-01 -7.92003810e-01  1.44587651e-01 -2.33575657e-01
 -1.30825371e-01 -9.03956532e-01 -2.98415989e-01  2.20806569e-01
  7.11462379e-01 -2.21738629e-02  1.13324590e-01 -5.66396713e-01
  3.78970832e-01 -2.69189119e-01 -6.13729246e-02  5.97944558e-01
 -8.55942547e-01 -5.25943041e-01  5.61385043e-02 -1.33751677e-02
 -1.08500086e-01 -9.02946353e-01  9.54199553e-01 -2.44668990e-01
  7.32137144e-01  1.00000000e+00  4.79320973e-01 -7.66588926e-01
  3.95006210e-01  2.17755791e-02 -6.28451407e-02  1.00000000e+00
  7.25274801e-01 -9.54621613e-01 -4.90904897e-01  5.27509689e-01
 -5.19032240e-01 -4.07493383e-01  9.98790443e-01 -1.53707847e-01
 -3.29056978e-01 -2.40680918e-01  9.79053617e-01 -9.79768097e-01
  9.68446791e-01 -7.87608445e-01 -9.13504004e-01  9.26791728e-01
  8.66548240e-01 -5.20117521e-01 -7.78511584e-01  1.10303946e-01
 -1.06005728e-01  3.05901587e-01 -7.97895253e-01  4.74640369e-01
  4.10590857e-01 -5.91531210e-02  8.24181139e-01 -7.47888744e-01
 -4.47829515e-01  2.94519901e-01 -4.35945123e-01 -2.84671672e-02
  8.15157652e-01  4.23504978e-01 -2.15356261e-01 -2.98820063e-02
 -3.93912733e-01 -3.83474201e-01 -8.69941890e-01  3.46420944e-01
  1.00000000e+00 -5.64900696e-01  5.95149636e-01 -1.26574710e-01
 -1.98030010e-01  3.04649677e-02  3.32018942e-01  4.93245840e-01
 -2.44342297e-01 -7.65629292e-01  2.02716187e-01 -7.18803048e-01
 -9.70028818e-01  5.11217415e-01  1.77398086e-01 -2.14773118e-01
  9.99874890e-01  5.70830762e-01  8.32110643e-02  3.05776417e-01
  8.67056966e-01 -2.44105253e-02  4.01806146e-01  4.17087823e-01
  9.53866363e-01 -5.41626990e-01  5.85431099e-01  7.70135403e-01
 -6.59614325e-01 -1.93594560e-01 -4.50909555e-01  1.46362111e-02
 -9.04955268e-01 -1.06661156e-01 -9.35297728e-01  9.27080929e-01
  8.40503395e-01  3.02407593e-01  1.92234114e-01  7.08403766e-01
  1.00000000e+00 -8.15389991e-01  6.26592875e-01 -3.45886141e-01
  3.16176146e-01 -9.97108102e-01 -1.93883836e-01 -2.12600306e-01
 -1.92117661e-01 -4.86727536e-01 -1.59824803e-01  1.07024685e-01
 -9.70462322e-01  4.48521107e-01  3.44285011e-01 -8.18960786e-01
 -9.72432733e-01 -2.38480031e-01  6.45873427e-01  5.55095039e-02
 -9.25596297e-01 -5.86872578e-01 -5.32135725e-01  6.06548011e-01
 -2.67580479e-01 -8.75616312e-01  1.49205253e-01 -4.19277549e-01
  3.52430910e-01 -3.21138769e-01  5.78242481e-01  5.06317079e-01
  8.11175823e-01 -8.64126384e-01 -6.02409124e-01 -3.00836325e-01
 -8.15816998e-01  5.51164031e-01 -6.52425945e-01 -6.92431867e-01
 -1.67610854e-01  1.00000000e+00 -2.72824973e-01  6.30716622e-01
  5.38371980e-01  5.83456039e-01 -1.55469134e-01  6.42578453e-02
  5.97652912e-01  3.01515937e-01 -2.04456568e-01 -5.90695143e-01
 -3.06789041e-01 -4.08183962e-01  5.61867118e-01  4.18268591e-01
 -7.66609758e-02  7.50477076e-01  6.62261605e-01  2.73219943e-01
  6.99112266e-02  1.22102670e-01  9.90022719e-01 -3.30217987e-01
  1.78720001e-02 -3.08800817e-01 -8.98839757e-02 -3.64849716e-01
 -8.65193307e-02  9.99999940e-01  1.68471083e-01  3.26150864e-01
 -9.80577826e-01 -6.92627788e-01 -8.39719594e-01  9.99990344e-01
  7.67491758e-01 -8.37846816e-01  5.35317898e-01  6.50510848e-01
 -2.27025747e-01  5.72077811e-01 -3.67655784e-01 -3.56030524e-01
  3.92729074e-01  8.65330696e-02  9.18522775e-01 -3.39667827e-01
 -9.60490525e-01 -6.51376605e-01  1.97689250e-01 -9.10812199e-01
  9.99269724e-01 -6.62569284e-01 -8.27651285e-03 -2.96284646e-01
 -3.59104425e-01  3.18563730e-02 -5.24016730e-02 -9.43974495e-01
 -2.90447235e-01  4.17598754e-01  9.39327300e-01  1.97011083e-01
 -5.71579576e-01 -8.43407035e-01  6.85564220e-01  7.44540155e-01
 -7.19279051e-01 -8.48044217e-01  9.12997246e-01 -8.89108598e-01
  4.57345396e-01  9.99999642e-01  3.98845583e-01  3.34192544e-01
  2.48976514e-01 -3.55633765e-01  2.24700078e-01 -4.72329855e-01
  5.19441485e-01 -8.16784203e-01 -1.86613858e-01 -1.29562810e-01
  3.85010898e-01 -2.89503127e-01 -8.47120345e-01  5.68867266e-01
  4.31716879e-04 -5.64897597e-01 -5.50430715e-01 -8.28022286e-02
  4.48923379e-01  7.19801068e-01 -2.89424509e-01 -2.84431994e-01
  1.45177841e-01 -1.69784456e-01 -8.02805066e-01 -3.43843460e-01
 -2.25718647e-01 -9.99803424e-01  6.51612282e-01 -1.00000000e+00
  5.82157671e-01 -3.13149512e-01 -2.14414708e-02  7.62516379e-01
  4.99564499e-01  4.05755103e-01 -5.67879021e-01 -4.38456863e-01
  4.00572181e-01  6.78847790e-01 -2.07853168e-01 -2.12939039e-01
 -5.21741748e-01  2.79914886e-01 -2.10261182e-03  1.77272260e-01
 -2.35868186e-01  5.50871313e-01 -1.07540287e-01  1.00000000e+00
  2.19356582e-01 -6.95840836e-01 -8.29143882e-01  3.08294773e-01
 -3.32229674e-01  9.99997139e-01 -8.00080001e-01 -9.45293427e-01
  1.81367740e-01 -5.20442843e-01 -6.88637137e-01  2.25078478e-01
  1.23779647e-01 -6.93863928e-01 -8.24470222e-01  8.03233922e-01
  8.21391046e-01 -5.95438838e-01  3.51658702e-01 -2.03983963e-01
 -4.27985221e-01 -9.33351461e-03  4.83931512e-01  9.69523311e-01
  2.77470708e-01  8.46153378e-01 -3.77884299e-01  1.83159828e-01
  9.07896280e-01  2.86743253e-01  6.26202524e-01  1.73570439e-01
  9.99999762e-01  3.33807141e-01 -9.00170684e-01 -1.43101111e-01
 -9.11645710e-01 -2.73549497e-01 -8.82688820e-01  2.94831485e-01
  9.95961130e-02  8.43950510e-01 -3.08268547e-01  9.18746293e-01
 -5.47819912e-01  1.39933070e-02 -4.79683310e-01 -2.65992582e-01
  3.95001471e-01 -8.59495342e-01 -9.75456178e-01 -9.74462867e-01
  5.40761590e-01 -5.53536177e-01 -2.09013969e-01  2.12247699e-01
  1.87464625e-01  4.21782136e-01  4.43616509e-01 -9.99999821e-01
  8.77912521e-01  4.14648086e-01  6.12946033e-01  9.39168632e-01
  5.02947867e-01  4.28711742e-01  2.86074758e-01 -9.74766374e-01
 -6.56143248e-01 -3.38198930e-01 -3.54981989e-01  7.36757398e-01
  5.53324938e-01  6.78541124e-01  5.58885396e-01 -2.00496778e-01
 -8.04680437e-02  8.25506821e-02 -6.35029376e-01 -9.82791007e-01
  4.35247600e-01 -1.70184717e-01 -8.92061770e-01  9.10971344e-01
 -4.63465512e-01 -1.15540966e-01  1.75445333e-01 -6.97376013e-01
  8.19938898e-01  7.80062675e-01  5.75041831e-01 -1.16525237e-02
  5.72890639e-01  8.48176658e-01  9.02086794e-01  9.80397224e-01
 -6.24025345e-01  4.99431789e-01 -3.98452073e-01  3.73274446e-01
  7.95530438e-01 -9.21204269e-01  1.63087815e-01  3.23535383e-01
 -2.72953600e-01  4.37770724e-01 -2.62643516e-01 -8.35919023e-01
  7.85608947e-01 -1.16202839e-01  5.14040232e-01 -2.23360941e-01
  8.97810161e-02 -4.53173935e-01 -7.65049905e-02 -7.38864958e-01
 -4.79378700e-01  5.44775724e-01  3.19926776e-02  9.09221113e-01
  7.34212577e-01 -1.88377909e-02 -3.83425772e-01 -2.15492785e-01
 -2.69078106e-01 -9.10927534e-01  7.48593211e-01 -2.07643658e-01
  1.12476408e-01  5.74645698e-01  6.96131140e-02  7.75953412e-01
  1.38457313e-01 -5.08061886e-01 -1.85617223e-01 -7.22842515e-01
  6.39792085e-01 -5.77252507e-01 -6.00840509e-01 -4.53583896e-01
  5.39214492e-01  2.57663280e-01  9.99840736e-01 -6.40639901e-01
 -6.48656070e-01 -4.06204969e-01 -2.42307425e-01  3.95759612e-01
 -2.51276970e-01 -9.99999940e-01  3.35928112e-01 -1.53391451e-01
  7.23604411e-02 -6.09786808e-01  6.32608235e-01 -6.47494793e-01
 -9.32029188e-01 -2.92128801e-01  3.01980376e-01  3.17233771e-01
 -5.05879283e-01 -5.92304230e-01  5.47300637e-01  1.65572196e-01
  6.98449194e-01  6.99196339e-01 -3.68510395e-01  2.63415366e-01
  6.18255198e-01 -5.96947134e-01 -5.63335419e-01  8.50221097e-01], shape=(768,), dtype=float32)